2 0.1599636922217568 0.4461110652746994 0.13405948889819855 0.22528017840421463
2 0.2933249546152772 0.42472370656543856 0.10752688172043005 0.23953841754372202
2 0.39317134478424803 0.3933555804585226 0.11171624074849873 0.22242853057631323
2 0.5314201927105153 0.40903964351198063 0.13405948889819855 0.22528017840421474
2 0.672461946655495 0.4104654674259314 0.136852394916911 0.22242853057631326
0 0.16415305124982552 0.20086935207517465 0.1145091467672113 0.20246699578100305
0 0.29541963412931155 0.16807540205430796 0.09775171065493644 0.2281318262321161
0 0.40573942186845413 0.1709270498822094 0.10892333472978627 0.22242853057631318
0 0.5272308336824466 0.17520452162406158 0.10333752269236136 0.23668676971582045
0 0.6361541684122329 0.1595204585706036 0.1424382069543359 0.22242853057631323
0 0.7890657729367407 0.20799847164492832 0.12149141181399259 0.20531864360890453
