2 0.42100424706919554 0.6266804550155115 0.18752155297180031 0.0703205791106515
2 0.2711708606227737 0.5946225073323214 0.13788348845225776 0.08893492328778707
2 0.333678042054464 0.6964839710444675 0.1893599908077675 0.07962771458117884
2 0.1507526107873615 0.7394002068252327 0.18016776475183105 0.12409513960703208
2 0.076295530276916 0.8614270941054809 0.11949902332529012 0.09927611168562564
2 0.29690911505430234 0.8650464990593122 0.22245203454385687 0.10237856341188195
2 0.3355164647061534 0.9467425025853147 0.16362178735202743 0.09410548086866594
2 0.542341713653409 0.9053774377406176 0.2316442757840708 0.10237852679384205
2 0.6829828241526968 0.8624612202688732 0.2224521386646164 0.08686659772492249
2 0.4246811325024501 0.7714580141392682 0.24267497221371112 0.09307156220750348
2 0.7032058062907925 0.5935884727140303 0.14523724413449005 0.09927600183150422
2 0.6241525910605539 0.7125129265770425 0.14156038147765146 0.13650465356773536
2 0.6443755027002183 0.6685625646328852 0.0974376651729289 0.0858324715615305
2 0.5588877398598184 0.8024819027921407 0.1801677582442835 0.06411582213029987
2 0.8998621165115478 0.7150982419855222 0.2002757669769045 0.09203722854188215
2 0.7464092798165245 0.766804592876166 0.18384464259294733 0.10031032329111224
2 0.9173273627205318 0.5486039296794207 0.1653452745589358 0.08583247156153045
2 0.9146271487433738 0.18407440825971016 0.14891415017497872 0.07652533609100305
2 0.5726760930434092 0.2724922440537745 0.11214522859777293 0.09617373319544979
2 0.7611168616794194 0.3004136504653567 0.15075260319522282 0.058945191313340216
2 0.4706423050811903 0.3304034556758843 0.19119843298209904 0.06928672147955581
2 0.5322302654257153 0.3733195449844881 0.15259106055383198 0.05791106514994823
2 0.660002265520404 0.3267839530739453 0.1323682139896423 0.049637884958624125
2 0.7261863725152247 0.37487073422957606 0.1654601861427095 0.06514994829369179
2 0.8852119958634952 0.35935886619072394 0.17465241870619322 0.08376426805880052
2 0.8668275719509956 0.406411435740868 0.1378834060233237 0.07238853849311191
2 0.941284614500747 0.4544984121927145 0.10295300471101924 0.0486038564433401
