2 0.049064704078503524 0.17755289788408463 0.09812940815700705 0.1030358785648574
2 0.1956455075130328 0.037258509659613616 0.1680466114688746 0.06531738730450783
2 0.32996013492793624 0.06669733210671573 0.10548911376878266 0.07083716651333946
2 0.40907697025452316 0.03357865685372585 0.09690279055504442 0.0671573137074517
2 0.4667279975467647 0.0745170193192272 0.08954308494326911 0.05887764489420423
2 0.5403250536645201 0.12419503219871206 0.12634161300214664 0.06255749770009202
2 0.579576816927323 0.05013799448022077 0.09690279055504454 0.09291628334866602
2 0.725544311560871 0.10717571297148115 0.14596749463354797 0.08371665133394664
2 0.8187672493100276 0.09153633854645815 0.07973014412756825 0.08003679852805887
2 0.40723704385157933 0.5055197792088316 0.10548911376878259 0.10763569457221714
2 0.6059490953695186 0.47378104875804966 0.16681999386691196 0.0846366145354186
2 0.5035265256056424 0.5427782888684454 0.13860778902177237 0.0717571297148114
2 0.5010732904017172 0.4586016559337627 0.15823367065317384 0.08739650413983441
2 0.8721251149954001 0.7102115915363385 0.13002146580803442 0.09751609935602559
2 0.7273842379638148 0.7732290708371665 0.14474087703158545 0.10211591536338545
2 0.6231217417969946 0.8675252989880406 0.1275682306041094 0.10855565777368917
2 0.8942042318307267 0.7920883164673412 0.14719411223551063 0.07543698252069916
2 0.5458448328733517 0.9310027598896043 0.15455381784728608 0.10119595216191357
2 0.8543391597669422 0.9351425942962288 0.10671573137074514 0.1168353265869355
2 0.1471941122355106 0.8629254829806808 0.1349279362158847 0.10671573137074503
2 0.03925176326280282 0.7879484820607174 0.07850352652560565 0.10947562097516098
2 0.9242563630788102 0.906623735050598 0.1312480834099969 0.09843606255749776
