2 0.28702851885924563 0.546918123275069 0.12266176019625881 0.11867525298988042
2 0.3753449862005519 0.38362465501379944 0.10303587856485741 0.09935602575896965
2 0.6709598282735356 0.3675252989880405 0.10548911376878252 0.1113155473781049
2 0.7316773995706839 0.5128794848206071 0.1361545538178474 0.10947562097516104
2 0.4287028518859246 0.8040478380864765 0.08954308494326903 0.10855565777368895
2 0.41398344066237347 0.6513339466421343 0.10426249616682 0.12695492180312784
2 0.4182766022692425 0.5096596136154554 0.11530205458448328 0.0846366145354186
2 0.47960748236737194 0.4116835326586936 0.12511499540018392 0.06531738730450783
2 0.5918429929469489 0.46366145354185834 0.131248083409997 0.09015639374425014
2 0.6206685065930696 0.562557497700092 0.13247470101195957 0.06899724011039553
2 0.6353879178166207 0.7083716651333947 0.14474087703158525 0.10855565777368895
2 0.7181846059490954 0.6435142594296228 0.14106102422569777 0.08923643054277818
2 0.8598589389757743 0.7934682612695493 0.110395584176633 0.10395584176632951
