2 0.4136504653567735 0.7269906928645296 0.1737331954498449 0.11168562564632893
2 0.35642881764908646 0.6220269361043019 0.20544639779386403 0.12926567277588352
2 0.15994485473905343 0.6194415474597413 0.1103067744929376 0.12616344075786973
2 0.7163047298304701 0.6080661413534102 0.20820405942847486 0.10961745876163966
2 0.5880730782488793 0.6633918361678174 0.2026887280248189 0.12512938783055805
2 0.47500861690458457 0.49534633461662847 0.23302312639516604 0.11995883024967989
2 0.23026542978248776 0.46173736246953206 0.17097551754636542 0.1478799803349791
2 0.3267838660049643 0.2693898655635988 0.1351258219369865 0.123061086679721
2 0.4632884870349618 0.31540875446984296 0.17924860331718329 0.08066192618666479
2 0.3860737692932088 0.39658738366080665 0.17924853173416155 0.10237849017580145
2 0.7204412361109246 0.25336091003102384 0.1365046356719794 0.13029989658738364
2 0.677007928300586 0.35987590486039295 0.1351258186832127 0.0951396070320579
2 0.6611513173672552 0.44467425025853147 0.11168564516897157 0.11995863495346434
2 0.9026197862805929 0.41261633919338164 0.19476042743881422 0.11995863495346434
2 0.77007928300586 0.47724922440537737 0.17786970010341263 0.1437435367114788
2 0.9226128921061704 0.1732161323681489 0.1547742157876594 0.125129265770424
