2 0.3640124095139607 0.7554291623578075 0.1571871768355739 0.07342295760082734
2 0.4612202639921415 0.8304031749375743 0.1199586251921432 0.09720812789113843
2 0.5777318166149603 0.7668045806701528 0.14615649775939318 0.07135464424397599
2 0.6032402619786281 0.8061013443640124 0.15856601172009654 0.0858324715615305
2 0.7624956887006554 0.6406411704273165 0.09376077702819612 0.09824196111020678
2 0.7797311231303015 0.5754913075757188 0.17786970823784717 0.06721800532425998
2 0.6349534716436384 0.6178903399056322 0.1172009505424375 0.11685634190538238
2 0.5136160018056514 0.6039296794208892 0.11444328077339212 0.09307135470527403
2 0.3784901758014477 0.6065149948293691 0.14201999310582558 0.08790072388831441
2 0.3536711478800414 0.5108583247156153 0.10892795587728372 0.09100310237849016
2 0.19303688708693462 0.5961737515044705 0.1654601796351617 0.0816960035260032
2 0.5301620106586009 0.33867631240785157 0.1337469886793507 0.07962777561124618
2 0.4405377350301991 0.42605998542048357 0.11720098633394839 0.08686663434296295
2 0.30334367296808046 0.43174763049508497 0.11857980332271553 0.07135479071613758
2 0.11513268764088885 0.2936918304033092 0.15305072261549912 0.09720785935884182
2 0.4322647346709413 0.2378490664041987 0.15305067543577985 0.08479824775003082
2 0.3005860048259221 0.28283350568769394 0.1158221302998966 0.11892450879007246
2 0.37849014082338045 0.33195447403678363 0.0841089979120129 0.10548091749003129
2 0.651499474802484 0.24870734229576008 0.13098933029851348 0.12719751809720795
2 0.7487073333478825 0.2880041059896197 0.0661840923528394 0.11271969077965334
2 0.6901068466884555 0.37228541882109584 0.16959671682646676 0.08273009307135469
2 0.804550146171048 0.44570844965800427 0.08962424959821239 0.09513946055989617
2 0.7266459841433988 0.4591520043400052 0.12961047914512233 0.08686662213694939
2 0.6583936736283998 0.46587380609303203 0.12547394195381723 0.0734228965707598
2 0.5322302304476475 0.4896589458683093 0.16821792586788997 0.09824196111020637
