2 0.09169251982075148 0.6230609707225929 0.18338503964150296 0.09824190008013929
2 0.23715959688410976 0.7275077559462254 0.09927611819317313 0.11685625646328857
2 0.48397104446742484 0.8273009063015201 0.1847638745260255 0.10134431518835556
2 0.5956566644196496 0.7249224588467652 0.16270250498545638 0.10134440063044986
2 0.8576353266435632 0.7171661281319021 0.14891422446947844 0.11685686676396326
2 0.683902106790416 0.8536711478800418 0.14064116635573717 0.125129265770424
2 0.8383315975880761 0.6111685625646333 0.19027923846741845 0.07445708376421924
2 0.886590830748018 0.4881075491209927 0.14615649775939332 0.11582213029989653
2 0.6673560475039736 0.36297828945357546 0.14064123143121182 0.11375396341520692
2 0.7742157567485767 0.38883162052556913 0.09238197956207106 0.11789101733938098
2 0.7342296012250192 0.5093070805434669 0.15029302030871677 0.06928636750516516
2 0.6211651130370914 0.43691830403309195 0.1475353212557081 0.09203722854188205
2 0.5081006207819457 0.33453987488735754 0.1916581237854342 0.09410550528069285
2 0.2819716932126957 0.3185107179555601 0.15580839401143107 0.09927624595177367
2 0.39641503580778875 0.4327817993795243 0.11168561263123401 0.11685625646328854
2 0.15718717032802634 0.43278173224644995 0.14064115496752919 0.11065138962881531
2 0.3564289396656015 0.5646331842593257 0.14753527407598857 0.12409588417385413
2 0.551533953809031 0.5527401535946787 0.14064115822130285 0.12099315170928701
2 0.6521888995657364 0.6271970359596751 0.09927608728232265 0.10444770677764965
2 0.40813512988590034 0.7006205184190826 0.16821784777732016 0.10237840473370742
