2 0.1600735970561178 0.4135234590616377 0.1901257283042012 0.11131554737810458
2 0.20729837473167742 0.5036798528058878 0.19871205151793928 0.09843606255749762
2 0.4704078503526526 0.23137074517019318 0.18276602269242567 0.11315547378104875
2 0.6249616681999387 0.16697332106715732 0.12388837779822133 0.10395584176632935
2 0.7414903403863846 0.2437902483900644 0.19503219871205146 0.10303587856485741
2 0.28212204845139527 0.6053357865685374 0.19871205151793928 0.110395584176633
2 0.30174793008279666 0.34038638454461817 0.14719411223551057 0.12511499540018398
2 0.45691505673106414 0.36384544618215275 0.13615455381784727 0.1297148114075437
2 0.5084329960134927 0.2479300827966881 0.16314014106102423 0.09843606255749773
2 0.6494940202391905 0.27230910763569455 0.15578043544924877 0.1435142594296227
2 0.8764182766022691 0.37442502299908015 0.16314014106102437 0.15823367065317367
2 0.7672493100275986 0.33946642134314653 0.1631401410610248 0.08647654093836268
2 0.7010119595216192 0.3256669733210672 0.14596749463354797 0.08279668813247472
2 0.5814167433302668 0.3735050597976081 0.11284881938055812 0.13247470101195952
2 0.7408770315854034 0.4093836246550138 0.13738117141980993 0.06991720331186749
2 0.8598589389757743 0.45262189512419504 0.16436675866298672 0.07543698252069916
2 0.9095369518552591 0.5367985280588777 0.1533272002453235 0.13339466421343146
2 0.7948482060717571 0.578656853725851 0.1177552897884084 0.09567617295308196
2 0.6353879178166207 0.4503219871205152 0.05397117448635392 0.08371665133394672
2 0.6249616681999387 0.5064397424103035 0.19993866911990188 0.07451701931922727
2 0.4722477767555965 0.47378104875804966 0.11039558417663294 0.07543698252069916
2 0.3912910150260655 0.40984360625574934 0.1594602882551367 0.08739650413983371
2 0.30481447408770324 0.41352345906163734 0.14106102422569763 0.1094756209751605
2 0.9605949095369519 0.6830726770929164 0.07881018092609622 0.14627414903403868
2 0.8574057037718491 0.6729530818767249 0.17417969947868756 0.08739650413983441
2 0.6016559337626495 0.6214351425942962 0.1803127874885005 0.1278748850045998
2 0.6954921803127874 0.5717571297148114 0.10548911376878252 0.09475620975160993
2 0.6378411530205459 0.7313707451701933 0.15700705305121126 0.16559337626494938
2 0.45998160073597055 0.7240110395584176 0.13738117141980993 0.1950321987120514
2 0.46366145354185834 0.5694572217111316 0.1521005826433609 0.12879484820607168
2 0.4084636614535418 0.5505979760809567 0.11039558417663294 0.12051517939282426
2 0.34467954615148727 0.5202391904323826 0.16191352345906165 0.11131554737810483
