2 0.16498006746396812 0.5234590616375345 0.14351425942962284 0.09567617295308181
2 0.29254829806807725 0.40616375344986194 0.12879484820607176 0.08923643054277824
2 0.48880711438209135 0.38178472861085555 0.11162220177859553 0.10303587856485741
2 0.6084023305734437 0.35280588776448935 0.11775528978840846 0.09843606255749769
2 0.6261882858019012 0.44802207911683534 0.0821833793314935 0.09199632014719412
2 0.37657160380251453 0.5229990800367985 0.10058264336093217 0.12419503219871196
2 0.6145354185832567 0.5298988040478381 0.1398344066237351 0.08095676172953084
2 0.7954615148727384 0.5703771849126035 0.13370131861392223 0.060717571297148186
2 0.19564550751303283 0.6232750689972402 0.14842072983747318 0.0745170193192272
2 0.36798528058877644 0.6278748850045999 0.11284881938055814 0.08371665133394664
2 0.5372585096596136 0.6149954001839926 0.09076970254523146 0.08187672493100273
2 0.5599509352959215 0.6692732290708372 0.1263416130021465 0.06715731370745175
2 0.4379024839006439 0.7644894204231831 0.1447408770315854 0.07911683532658685
2 0.24471021159153633 0.7230910763569457 0.1435142594296228 0.10855565777368908
2 0.4881938055811102 0.9351425942962283 0.12266176019625913 0.07451701931922737
2 0.6120821833793315 0.8426862925482982 0.11284881938055819 0.11039558417663287
2 0.8390064397424104 0.6747930082796688 0.10794234897270784 0.061637534498619855
2 0.8212204845139526 0.7345906163753453 0.1312480834099974 0.07267709291628245
2 0.7138914443422263 0.8114075436982521 0.1177552897884084 0.12327506899724014
2 0.7752223244403558 0.7755289788408465 0.11775528978840853 0.09935602575896965
